1917	
	(-0.8172000641,0)	(-0.5082888009,0)	(-0.6876692765,0)	(-0.8435836811,0)	(-0.9438342844,0)
	(-1.042283379,0)	(-0.5353229431,0)	(-1.203601839,0)	(-0.4871376136,0)	(-0.3496615287,0)
	(0.1324547535,0)	(-1.307864246,0)	(-1.13277144,0)	(-0.540432023,0)	(-1.244484084,0)
	(-0.2231208682,0)	(-1.301685899,0)	(-1.573943906,0)	(-1.021035691,0)	(0.5684367462,0)
	(-0.7777134074,0)	(0.5610258187,0)	(-0.8651219081,0)	(-1.452325719,0)	(-0.5607929195,0)
	(-1.600914043,0)	(-0.2201318723,0)	(-0.6735752785,0)	(0.4576279923,0)	(-2.003287398,0)
	(-0.5302710813,0)	(-1.354499803,0)	(-1.003108842,0)	(-0.344593405,0)	(-0.205635352,0)
	(0.4548285179,0)	(-0.5308292681,0)	(-0.4197567571,0)	(-0.3249781842,0)	(-0.7918730897,0)
	(-1.624327053,0)	(-0.2107521266,0)	(-0.848987088,0)	(-0.200378803,0)	(-0.5479992451,0)
	(-1.910356177,0)	(-1.146033223,0)	(-2.086718452,0)	(-0.3431788367,0)	(0.3383706725,0)
	(-0.6724965118,0)	(-0.522466069,0)	(0.1095597158,0)	(0.3731102819,0)	(-0.7661159913,0)
	(0.4684549323,0)	(-0.6028675151,0)	(-0.9712593583,0)	(-0.09393366883,0)	(-0.9588495169,0)
	(0.5890347867,0)	(-0.2604623755,0)	(0.3649937469,0)	(-1.122910722,0)	(-2.449650909,0)
	(0.6482210704,0)	(-1.95217228,0)	(-0.3378142367,0)	(-0.2248673543,0)	(-0.1690159349,0)
	(0.2794150548,0)	(-0.478668063,0)	(-0.3046727333,0)	(-0.4216479381,0)	(-0.2157986311,0)
	(0.6150281968,0)	(-1.136201916,0)	(0.3074473265,0)	(-0.9115544391,0)	(0.0691771801,0)
	(-0.6961861076,0)	(-0.1036638839,0)	(-0.4333881717,0)	(-0.1118908172,0)	(-1.022569225,0)
	(-2.276123238,0)	(-1.479642376,0)	(-0.2884209429,0)	(-1.903300283,0)	(-0.4349853444,0)
	(0.2422293487,0)	(-0.3641724318,0)	(0.2024336347,0)	(-0.2923908477,0)	(-0.5323167348,0)
	(0.2423014379,0)	(0.2981939,0)	(-0.6855637885,0)	(0.3883595623,0)	(-0.3961926673,0)
	(-3.006413926,0)	(0.1791409678,0)	(-0.6712733469,0)	(-0.09972575948,0)	(-0.1133742404,0)
	(0.3573082559,0)	(0.4607485513,0)	(0.3200522639,0)	(-0.1276419631,0)	(-0.7745483517,0)
	(-2.172401734,0)	(-0.9240778538,0)	(-1.627282194,0)	(-0.02638259337,0)	(-0.1664316008,0)
	(-0.1118824651,0)	(-0.1019861727,0)	(0.1830915491,0)	(0.4361453099,0)	(-0.2245371824,0)
	(-0.2948443127,0)	(-0.4216892264,0)	(-0.00386596889,0)	(1.107951741,0)	(-1.295664938,0)
	(-0.2325687751,0)	(-2.417369346,0)	(-0.2577064685,0)	(-0.07973039229,0)	(-0.6981797359,0)
	(-0.1183739749,0)	(0.0787166099,0)	(-0.3327094157,0)	(-0.5248287941,0)	(-0.09411594319,0)
	(-0.8596865705,0)	(-2.14888824,0)	(-1.065772885,0)	(-0.0111659627,0)	(-1.364477215,0)
	(-0.3056989321,0)	(0.1532587002,0)	(-0.2606759915,0)	(0.1460663138,0)	(-0.2275305824,0)
	(0.1270717602,0)	(-0.3667534722,0)	(0.1997921979,0)	(-0.4817437583,0)	(0.2359346002,0)
	(0.6156589271,0)	(0.3218552505,0)	(-0.164219629,0)	(-1.191910423,0)	(1.586017498,0)
	(-3.501010022,0)	(-2.776570028,0)	(-0.2038633034,0)	(0.1664757832,0)	(-0.5850185031,0)
	(-0.1277832827,0)	(0.2310476868,0)	(0.3831678794,0)	(-0.1693130721,0)	(-0.7316038851,0)
	(-1.608510075,0)	(-0.5970216669,0)	(-0.9176623885,0)	(-0.07404133128,0)	(-0.09214516709,0)
	(-0.1276403848,0)	(-0.103768254,0)	(-0.07743245692,0)	(-0.3988968914,0)	(-0.2169990826,0)
	(-0.2750960641,0)	(-0.4135278404,0)	(0.1332793652,0)	(0.1210571048,0)	(-0.2677112056,0)
	(-4.285114841,0)	(2.421826405,0)	(-1.347852993,0)	(-0.1151546045,0)	(-2.820793558,0)
	(-0.06212806864,0)	(-2.417965778,0)	(0.04700247448,0)	(-0.2156360567,0)	(-0.2803150791,0)
	(-0.05934680965,0)	(-0.07825241906,0)	(-0.6216131589,0)	(-0.03621713127,0)	(-0.403225148,0)
	(-0.719457344,0)	(-1.206746591,0)	(0.2518753475,0)	(-0.8310200147,0)	(0.1064473278,0)
	(-0.1756980322,0)	(0.1098355454,0)	(-0.2308653666,0)	(-0.1960385344,0)	(0.09990517958,0)
	(0.3326890863,0)	(0.4262906173,0)	(0.1766803136,0)	(0.1894617376,0)	(-0.5509428626,0)
	(0.2683308748,0)	(-0.1580347003,0)	(-0.1287758238,0)	(-2.908501957,0)	(-4.93823092,0)
	(0.003148727807,0)	(-3.127575606,0)	(-1.97349041,0)	(-0.1395583679,0)	(-0.08570887188,0)
	(0.2436769104,0)	(-0.05362574581,0)	(0.4489294403,0)	(0.3271845219,0)	(0.6459137056,0)
	(-0.9204469944,0)	(0.01354034678,0)	(-0.6776277915,0)	(-1.070096065,0)	(3.217875906,0)
	(-0.07197235577,0)	(-0.07685765605,0)	(-0.1056664835,0)	(-0.08533296548,0)	(0.3633386593,0)
	(-0.2181155965,0)	(-0.2671966887,0)	(-0.410908074,0)	(0.2428116835,0)	(0.09389927799,0)
	(0.1064474289,0)	(0.08659761098,0)	(-0.209252473,0)	(-3.992483153,0)	(0.2327494556,0)
	(-3.384917341,0)	(-0.1032366365,0)	(-2.787163157,0)	(-1.381757354,0)	(0.2617607818,0)
	(-0.02139190449,0)	(-0.2445840675,0)	(-0.03506364962,0)	(-0.3522925081,0)	(-0.4998503422,0)
	(-0.05867906968,0)	(-0.5616112192,0)	(-0.5185997265,0)	(0.5424426131,0)	(-6.011646028,0)
	(4.568199495,0)	(-1.184032084,0)	(0.0743443341,0)	(-0.1510726648,0)	(-0.1764782218,0)
	(0.07383822472,0)	(0.3124611408,0)	(0.3900877352,0)	(0.1419851215,0)	(0.502676722,0)
	(0.1403433245,0)	(0.2194026779,0)	(-0.1287811253,0)	(-0.1630657212,0)	(-0.02508206051,0)
	(-3.299565737,0)	(-4.432876928,0)	(0.1518645718,0)	(-2.399266473,0)	(-1.217646521,0)
	(-0.08958526306,0)	(-0.1777964164,0)	(0.3418010677,0)	(-0.001714240383,0)	(0.3820654903,0)
	(0.425810798,0)	(-0.7751610477,0)	(0.4514401365,0)	(-3.342272361,0)	(-6.837024447,0)
	(-5.744228027,0)	(-0.07335696741,0)	(-0.06395106964,0)	(-0.05285158168,0)	(0.1788198462,0)
	(0.3377169318,0)	(-0.2130190807,0)	(-0.2494710306,0)	(0.3992870974,0)	(0.0714798455,0)
	(0.2221061776,0)	(0.09384977718,0)	(-0.1029044211,0)	(-2.058294452,0)	(-2.642064452,0)
	(0.3987914242,0)	(-1.832408347,0)	(0.3292861113,0)	(-0.8603956131,0)	(0.024487543,0)
	(-0.2774639477,0)	(-0.05913975999,0)	(-0.4846009149,0)	(-0.3701263854,0)	(0.1734312207,0)
	(-0.3279702939,0)	(-5.638294255,0)	(-3.863864691,0)	(0.8547789183,0)	(1.992426034,0)
	(7.582051718,0)	(-6.915668573,0)	(3.247956998,0)	(13.77379309,0)	(0.06651392395,0)
	(0.0141431536,0)	(0.05507519579,0)	(-0.08767322977,0)	(0.1098053863,0)	(0.2914087776,0)
	(0.1284708564,0)	(0.3463755644,0)	(-0.0697905795,0)	(0.4916179815,0)	(0.1834950121,0)
	(-0.1231430461,0)	(-0.05592292628,0)	(0.05008818164,0)	(-2.298328934,0)	(-1.661639917,0)
	(-1.001264448,0)	(-0.2259104236,0)	(-0.08102665965,0)	(-0.162069688,0)	(0.2881963765,0)
	(0.2481156839,0)	(-0.1383496014,0)	(0.4924849365,0)	(1.379832131,0)	(-3.062929321,0)
	(-6.159732393,0)	(-7.753357362,0)	(0.8072414427,0)	(-15.86701382,0)	(-9.200514179,0)
	(-7.170372022,0)	(4.124112761,0)	(0.09968022023,0)	(0.04598934784,0)	(0.08646291282,0)
	(0.04975098339,0)	(0.1657696623,0)	(0.1412538698,0)	(0.3083927513,0)	(-0.06148741903,0)
	(0.3337968097,0)	(0.2219779646,0)	(-0.2844541044,0)	(-0.3975456357,0)	(0.05457466939,0)
	(-0.1426900323,0)	(-0.1160282188,0)	(0.5577643863,0)	(-1.39985203,0)	(0.3191327522,0)
	(-1.023453279,0)	(-0.7323402869,0)	(0.199095796,0)	(-0.1920500893,0)	(-0.3851121864,0)
	(-0.01405699139,0)	(-0.4056261995,0)	(0.5196981888,0)	(0.1154701966,0)	(-3.624698592,0)
	(1.258110187,0)	(-4.39292759,0)	(-7.710617445,0)	(1.901369252,0)	(-5.816564006,0)
	(-7.874022861,0)	(-18.97559869,0)	(-8.548837689,0)	(-6.062343069,0)	(0.08749848233,0)
	(-0.06030667375,0)	(0.175090878,0)	(-0.1845133197,0)	(0.05954807758,0)	(0.3174782289,0)
	(0.05987509754,0)	(0.4654149474,0)	(0.1082179197,0)	(0.146152425,0)	(-0.1240891727,0)
	(0.03959181933,0)	(0.03932479702,0)	(0.1468314895,0)	(0.03244037222,0)	(-2.066601125,0)
	(-1.477870284,0)	(0.9860542593,0)	(0.001888415675,0)	(-0.3006212028,0)	(-0.1996437579,0)
	(-0.4414841837,0)	(1.042009167,0)	(-1.724521087,0)	(-4.07300057,0)	(-5.02960849,0)
	(1.161951762,0)	(-6.416733121,0)	(-6.731106058,0)	(-6.874078726,0)	(-20.92598422,0)
	(-2.290527082,0)	(0.03445082403,0)	(0.1327972075,0)	(0.1669216127,0)	(0.2917916673,0)
	(0.2011212402,0)	(-0.1852622641,0)	(-0.1274305941,0)	(0.3860438732,0)	(0.03489382923,0)
	(-0.1403205587,0)	(-0.05365768396,0)	(-0.1048206313,0)	(0.4318881294,0)	(-1.505166817,0)
	(0.3416132317,0)	(-1.042349415,0)	(-0.5413077425,0)	(-0.2070135798,0)	(0.4445289019,0)
	(0.3027659082,0)	(-0.4594817654,0)	(-3.229865481,0)	(1.048939751,0)	(-3.298201075,0)
	(-4.952289898,0)	(-1.912366997,0)	(-2.126457416,0)	(-7.041268099,0)	(-14.23977192,0)
	(2.767568314,0)	(19.80367136,0)	(-0.04086322818,0)	(0.09750052768,0)	(0.375729289,0)
	(0.1633971684,0)	(0.0405004433,0)	(0.2262734603,0)	(0.1218028358,0)	(-0.1252389818,0)
	(0.1308601583,0)	(0.03552901542,0)	(0.09849007838,0)	(0.02286936764,0)	(-1.889846665,0)
	(1.236741664,0)	(-0.6268326628,0)	(0.02149991235,0)	(-0.3766434892,0)	(-1.659524708,0)
	(0.768589055,0)	(-2.502218294,0)	(-1.953330058,0)	(-1.643576002,0)	(-5.413402825,0)
	(-2.051196668,0)	(-7.995928004,0)	(4.30490145,0)	(-2.365550941,0)	(-15.25698875,0)
	(-9.531895714,0)	(-11.03636524,0)	(-39.14660449,0)	(-9.881577846,0)	(0.07035090514,0)
	(0.0359990489,0)	(0.114390874,0)	(0.2357512185,0)	(0.2676655726,0)	(0.1846249452,0)
	(-0.1712619108,0)	(0.02070766742,0)	(0.3871212018,0)	(0.02300725435,0)	(-0.1450386946,0)
	(-0.005796725439,0)	(-0.1037218151,0)	(0.3392014893,0)	(-1.251059426,0)	(-0.5446698347,0)
	(0.3689037382,0)	(-0.1501323393,0)	(0.414954651,0)	(-2.796000064,0)	(-3.521357308,0)
	(-5.60249535,0)	(1.715519882,0)	(-3.231452231,0)	(-5.969593094,0)	(-2.154926914,0)
	(-2.519211793,0)	(5.735759195,0)	(-13.6322381,0)	(22.25441716,0)	(12.11334298,0)
	(-32.44575485,0)	(-15.96188408,0)	(-20.82457875,0)	(-0.004361460739,0)	(0.09204938384,0)
	(0.163374613,0)	(0.3554274674,0)	(0.03463368053,0)	(0.213742513,0)	(0.09178344684,0)
	(-0.1426882822,0)	(0.1230643149,0)	(0.0106943807,0)	(0.1090355248,0)	(0.007994574639,0)
	(-40.41549079,0)	(11.19894144,0)	(-1.231806877,0)	(-0.7439279883,0)	(-0.3925354101,0)
	(-0.03548004458,0)	(-1.031584216,0)	(0.7850453956,0)	(1.564388402,0)	(-1.82455993,0)
	(-1.895463947,0)	(-3.424613038,0)	(-7.406603959,0)	(-13.98077,0)	(-6.765206861,0)
	(-3.36063837,0)	(-12.54251617,0)	(-5.755663376,0)	(-14.22748639,0)	(3.478106449,0)
	(0.07240255745,0)	(0.2041477298,0)	(0.1016879837,0)	(0.2581384213,0)	(0.02909816263,0)
	(0.1863864078,0)	(-0.1856632367,0)	(0.01297739901,0)	(-0.3776612937,0)	(0.0137954087,0)
	(-0.1578515583,0)	(-0.005727474274,0)	(-0.1139300949,0)	(-20.97629677,0)	(-0.6875723482,0)
	(0.3657019911,0)	(-0.2076791039,0)	(0.3817266446,0)	(-1.349251898,0)	(-3.546640906,0)
	(-3.286069344,0)	(-3.139270056,0)	(-2.996275816,0)	(-2.958246171,0)	(-8.287468506,0)
	(-16.93691382,0)	(-8.86071915,0)	(4.239902406,0)	(-20.55326317,0)	(-12.72028883,0)
	(-18.32303853,0)	(-10.29449912,0)	(-0.01775461609,0)	(0.08208021316,0)	(0.3199375681,0)
	(0.1612954463,0)	(0.008759556752,0)	(-0.2138037225,0)	(0.0748613753,0)	(-0.1368973743,0)
	(0.1280454087,0)	(2.870876508e-05,0)	(0.1213813794,0)	(-0.01285584727,0)	(-37.54465078,0)
	(-0.9647226401,0)	(-0.4610906747,0)	(0.001537401033,0)	(-0.5329282349,0)	(0.2703886214,0)
	(0.9628522445,0)	(0.9403729261,0)	(-1.016166498,0)	(1.452334171,0)	(-1.73332064,0)
	(-4.40346751,0)	(-5.684395801,0)	(-8.094739442,0)	(-4.120740833,0)	(-19.88847672,0)
	(-6.624053026,0)	(-6.168562928,0)	(0.07253171453,0)	(0.02285754129,0)	(0.2144838048,0)
	(0.1142638213,0)	(-0.2381548276,0)	(0.1794491696,0)	(-0.2025499644,0)	(-0.02035299895,0)
	(-0.382719199,0)	(-0.002897001874,0)	(-0.1774027842,0)	(-0.003990766822,0)	(0.1189346917,0)
	(-8.763219945,0)	(-26.31450369,0)	(-12.62698304,0)	(-11.56612574,0)	(-0.3074098079,0)
	(0.4951190205,0)	(-0.9812592477,0)	(0.01157381819,0)	(-1.112056909,0)	(-1.997142411,0)
	(-0.1197685305,0)	(-3.283403101,0)	(-3.714684216,0)	(-0.3683602838,0)	(-7.625384277,0)
	(-9.365190215,0)	(0.1861942315,0)	(-13.36016991,0)	(-7.206343795,0)	(-10.68794261,0)
	(-0.03047692632,0)	(0.06422218289,0)	(0.147972312,0)	(0.3086406022,0)	(0.02921371393,0)
	(-0.2037843644,0)	(0.04902945421,0)	(0.1274930487,0)	(-0.1422107142,0)	(0.001291968583,0)
	(-0.101642961,0)	(-0.02472871135,0)	(-46.46935289,0)	(-23.30153547,0)	(0.01096800985,0)
	(-0.5239988778,0)	(-1.028949047,0)	(1.140981729,0)	(-0.0431213734,0)	(1.281516393,0)
	(0.2480025151,0)	(-1.824567192,0)	(-6.687051945,0)	(-5.203388858,0)	(-2.54240078,0)
	(-5.592037359,0)	(-4.513594051,0)	(0.07318080166,0)	(0.01696607647,0)	(0.2051897604,0)
	(0.2343238363,0)	(0.2208432811,0)	(-0.1966099623,0)	(-0.02313262101,0)	(0.3763799144,0)
	(-0.01977792027,0)	(-0.09353762268,0)	(0.08479743129,0)	(0.0655228038,0)	(0.1111677496,0)
	(0.1158003088,0)	(-32.17442557,0)	(-9.67086364,0)	(-12.34677537,0)	(-17.3618325,0)
	(-14.28531977,0)	(0.7995571728,0)	(0.7917375687,0)	(0.0280523163,0)	(-0.6141189106,0)
	(-1.007116285,0)	(-2.319434696,0)	(3.008484626,0)	(2.916704944,0)	(-1.971203178,0)
	(4.196202575,0)	(-8.051798435,0)	(4.951305241,0)	(-8.019919567,0)	(-0.04326613246,0)
	(0.05495680709,0)	(-0.1465843045,0)	(0.2780706942,0)	(0.02031296355,0)	(0.2065654374,0)
	(0.1598854995,0)	(0.03663880123,0)	(0.1143423128,0)	(0.1390887811,0)	(-0.02590748049,0)
	(-0.05492823063,0)	(-0.0371548354,0)	(-47.68955102,0)	(-23.92875661,0)	(-6.7403599,0)
	(0.1776221836,0)	(-0.6491416808,0)	(-1.559880221,0)	(-0.2291536738,0)	(1.418417375,0)
	(-2.096446183,0)	(-5.256991176,0)	(-2.66972894,0)	(3.316819353,0)	(-4.05724425,0)
	(-6.140585215,0)	(-35.36098227,0)	(0.07441176342,0)	(0.01110938042,0)	(0.2039176171,0)
	(0.197889069,0)	(0.2175107849,0)	(-0.05645991662,0)	(0.02281897538,0)	(-0.3862946765,0)
	(-0.02809247858,0)	(0.1361178649,0)	(0.07350520012,0)	(0.1148987704,0)	(-0.156854275,0)
	(0.09934396498,0)	(0.1348879711,0)	(-16.99363057,0)	(-8.3114793,0)	(3.180038613,0)
	(-14.8738893,0)	(5.741841875,0)	(-7.658015397,0)	(-0.2726193819,0)	(0.9401778301,0)
	(-1.168649377,0)	(-2.753327564,0)	(1.581717834,0)	(-1.116653481,0)	(-5.33890415,0)
	(3.1007525,0)	(-51.21643415,0)	(-6.476532373,0)	(-41.79459283,0)	(-1.401405316,0)
	(-1.701236786,0)	(-0.06830799457,0)	(0.0462099659,0)	(0.1585966195,0)	(0.2737065884,0)
	(0.177511954,0)	(-0.1988745967,0)	(-0.1369744397,0)	(0.01252253161,0)	(0.1045034394,0)
	(-0.0531568054,0)	(-0.03733256714,0)	(-0.04307757806,0)	(-0.03729566904,0)	(-25.21871958,0)
	(-6.991608254,0)	(-5.340019846,0)	(0.5751905136,0)	(0.1617447576,0)	(-1.67020465,0)
	(-0.4173168175,0)	(-2.958612022,0)	(-2.493513339,0)	(-8.307874221,0)	(-22.30764603,0)
	(-50.81297232,0)	(-44.79714263,0)	(-40.96879872,0)	(-77.18935043,0)	(-51.22346888,0)
	(-52.88124728,0)	(0.07662904836,0)	(-0.006275049819,0)	(0.1580364537,0)	(0.2184616187,0)
	(-0.05632047131,0)	(0.1119352073,0)	(0.1241579884,0)	(0.1045142806,0)	(-0.3837912857,0)
	(-0.06001338805,0)	(0.1250281404,0)	(0.126960331,0)	(0.2047333731,0)	(0.08753862817,0)
	(0.1543547963,0)	(0.1069530653,0)	(-17.69731779,0)	(2.15708699,0)	(4.492444288,0)
	(-8.432084313,0)	(5.746726131,0)	(2.638321048,0)	(-0.2456816306,0)	(1.193762237,0)
	(-0.9789498014,0)	(-0.03372874548,0)	(-1.640861033,0)	(2.125101734,0)	(1.223255497,0)
	(-25.08544996,0)	(-21.56421344,0)	(-2.819167856,0)	(-19.14434772,0)	(-1.96450704,0)
	(-0.09329934817,0)	(0.1854872121,0)	(0.2461731914,0)	(-0.2044297009,0)	(0.0404812428,0)
	(-0.05331043072,0)	(-0.09180698408,0)	(0.00250249662,0)	(0.09956938251,0)	(-0.0462886767,0)
	(-0.06016164279,0)	(-0.04949292474,0)	(0.040905036,0)	(0.08889629629,0)	(-12.1342857,0)
	(-6.765894205,0)	(-3.760355279,0)	(0.7445555426,0)	(-0.04963262602,0)	(-1.225152395,0)
	(-2.421437812,0)	(1.496168852,0)	(3.271505672,0)	(42.4035018,0)	(-90.31502681,0)
	(0.1353119161,0)	(-16.17060288,0)	(27.10892922,0)	(-25.58934022,0)	(51.30680325,0)
	(-40.66957254,0)	(-0.0335591478,0)	(0.04780997031,0)	(0.1520145623,0)	(0.1988903871,0)
	(0.2039361659,0)	(0.09307478558,0)	(0.1610328487,0)	(0.2472675462,0)	(0.3994589959,0)
	(-0.1611390174,0)	(0.2245421172,0)	(0.1911875131,0)	(-0.2186766797,0)	(-0.1589778059,0)
	(0.04287433285,0)	(-0.0603762072,0)	(-0.08601942473,0)	(-10.51548133,0)	(4.663132894,0)
	(1.572487327,0)	(6.229814481,0)	(0.5891345024,0)	(1.388090222,0)	(1.549776136,0)
	(0.1562336948,0)	(-2.242759902,0)	(48.70640327,0)	(-91.88566273,0)	(-14.57507905,0)
	(-12.67180541,0)	(-1.075963982,0)	(14.80531403,0)	(-10.06675718,0)	(0.1236830451,0)
	(0.1316574721,0)	(0.044855843,0)	(-0.07252545842,0)	(-0.02207628628,0)	(-0.009034078282,0)
	(-0.03289626129,0)	(0.02131012936,0)	(-0.1666547341,0)	(0.1029577397,0)	(0.111622717,0)
	(-0.142572592,0)	(-0.06218151608,0)	(-7.273565858,0)	(-5.222218265,0)	(0.3535943748,0)
	(-0.5626138629,0)	(-1.602410261,0)	(2.794714918,0)	(0.7018851697,0)	(1.510315836,0)
	(-13.19607502,0)	(-96.07269912,0)	(49.24217763,0)	(53.51429773,0)	(-45.09874419,0)
	(11.06732744,0)	(2.642060727,0)	(-22.11086563,0)	(27.5104549,0)	(-0.05347312225,0)
	(0.0508503922,0)	(0.1564083781,0)	(-0.1778377002,0)	(0.2091192067,0)	(-0.4014294076,0)
	(0.3135111991,0)	(-0.3000730048,0)	(0.2457812728,0)	(0.1661694593,0)	(-0.2017386487,0)
	(-0.1205284748,0)	(-0.0598640881,0)	(-0.05379845572,0)	(-0.05848027665,0)	(0.1226682835,0)
	(-0.0480397193,0)	(0.1162878159,0)	(0.006282932127,0)	(1.579407503,0)	(5.467765767,0)
	(3.379793529,0)	(0.2902957037,0)	(1.59386832,0)	(0.5222390247,0)	(-0.5552173678,0)
	(1.333401274,0)	(-1.554041264,0)	(60.6593087,0)	(-7.750556073,0)	(-46.03479565,0)
	(-5.241824733,0)	(-5.96830027,0)	(-5.462801268,0)	(0.1401628051,0)	(0.0353021619,0)
	(-0.03152759683,0)	(-0.04328636965,0)	(0.04344784461,0)	(0.143533607,0)	(-0.2061198949,0)
	(0.04000017728,0)	(0.1479667253,0)	(-0.2440376815,0)	(-0.1733862699,0)	(0.1185170267,0)
	(-0.1244998697,0)	(-0.1598694358,0)	(-0.1296934788,0)	(-7.084109418,0)	(5.563237029,0)
	(3.366043018,0)	(-0.7088899348,0)	(0.4717783109,0)	(-2.669240021,0)	(1.821237463,0)
	(-1.114461033,0)	(-95.05755183,0)	(54.31008088,0)	(-6.863953882,0)	(-47.89124977,0)
	(61.74719928,0)	(-23.17358544,0)	(26.85583354,0)	(-11.4679924,0)	(11.91532618,0)
	(-0.06080158144,0)	(0.0957843162,0)	(-0.1960356567,0)	(-0.3260665165,0)	(-0.4239710239,0)
	(0.2154908695,0)	(-0.2467196156,0)	(-0.2138136181,0)	(-0.1757545415,0)	(-0.103136588,0)
	(-0.2178913069,0)	(-0.06705640421,0)	(-0.0165062749,0)	(0.003464424831,0)	(-0.09026924163,0)
	(-0.1196811635,0)	(-0.1069483114,0)	(-0.01365565408,0)	(-3.368001473,0)	(4.51852319,0)
	(3.17009956,0)	(0.8183752413,0)	(1.904246694,0)	(-0.409007279,0)	(2.212012019,0)
	(-5.568629195,0)	(24.89166703,0)	(-1.685179347,0)	(-23.37363026,0)	(-7.40737498,0)
	(-8.551131581,0)	(-0.1496017051,0)	(-0.2108377011,0)	(-0.05877999335,0)	(-0.1110529904,0)
	(0.03689799263,0)	(0.1994853047,0)	(0.2083383209,0)	(0.1870639328,0)	(-0.2552699788,0)
	(-0.08624140519,0)	(0.1456888557,0)	(-0.195495584,0)	(-0.1829236284,0)	(-0.1504485009,0)
	(-0.1437866526,0)	(-0.1835672997,0)	(-0.1463359241,0)	(-0.1794511635,0)	(-0.0689535464,0)
	(4.099628943,0)	(-9.651220058,0)	(-2.378500632,0)	(0.6804323089,0)	(-0.6414244535,0)
	(-1.843970811,0)	(53.62343607,0)	(-96.34729452,0)	(67.3570581,0)	(-47.57724763,0)
	(-9.970833269,0)	(23.85727842,0)	(-18.18159234,0)	(6.593889958,0)	(-13.02889989,0)
	(-0.0402647806,0)	(0.07868272344,0)	(0.4311502721,0)	(0.08031143229,0)	(0.2051765143,0)
	(-0.137762034,0)	(0.1289808314,0)	(-0.4620672666,0)	(-0.06942077933,0)	(-0.1019228511,0)
	(-0.0862554051,0)	(-0.3597111579,0)	(0.1129416167,0)	(-0.01296944804,0)	(-0.01899425469,0)
	(0.0147478371,0)	(-0.2287721777,0)	(-0.001450449962,0)	(-0.01916991269,0)	(-0.02989954501,0)
	(-0.1611063483,0)	(-0.1637190515,0)	(-2.729414426,0)	(4.007658087,0)	(4.743002615,0)
	(1.652520909,0)	(2.166085378,0)	(1.96296372,0)	(1.121289209,0)	(0.1639312045,0)
	(66.91982833,0)	(-2.833800148,0)	(-48.08285068,0)	(6.748745306,0)	(-7.163923093,0)
	(-8.672154414,0)	(10.23602997,0)	(-0.1735579113,0)	(-0.1382453003,0)	(0.2249982933,0)
	(-0.2056379509,0)	(0.192629242,0)	(-0.3115363379,0)	(-0.4212472226,0)	(0.1606137892,0)
	(-0.2420855861,0)	(-0.1139616982,0)	(-0.3451922042,0)	(-0.212904498,0)	(-0.1850560675,0)
	(-0.2221917252,0)	(-0.1709701634,0)	(-0.2812948983,0)	(-0.1328403677,0)	(-0.1126793924,0)
	(-0.2310141276,0)	(-0.01111629974,0)	(0.1270492204,0)	(-0.06558441392,0)	(5.4166378,0)
	(-1.875795303,0)	(-1.585258509,0)	(0.7015394485,0)	(-0.4122888435,0)	(56.90185075,0)
	(-92.65132761,0)	(2.260632059,0)	(-18.02066363,0)	(26.87004577,0)	(-10.73245035,0)
	(11.44863987,0)	(5.899395176,0)	(2.553068821,0)	(0.07934499444,0)	(-0.1728689319,0)
	(-0.00968011315,0)	(-0.0132669222,0)	(-0.05624657389,0)	(0.111299905,0)	(-0.3487505336,0)
	(0.1180580249,0)	(-0.3115259983,0)	(0.01170906923,0)	(-0.2011732973,0)	(0.1114421329,0)
	(0.08411955198,0)	(0.05255903785,0)	(-0.2838470065,0)	(-0.07511717264,0)	(0.0133926845,0)
	(-0.1856862432,0)	(-0.1551807999,0)	(-0.1604874658,0)	(1.48444549,0)	(3.974495206,0)
	(1.282823073,0)	(2.672654219,0)	(-0.5634729139,0)	(-1.470565125,0)	(0.01678957083,0)
	(54.87255946,0)	(-90.96199461,0)	(2.72166694,0)	(-22.93429581,0)	(27.3252977,0)
	(-7.346559545,0)	(-17.15131683,0)	(-0.7212509636,0)	(-6.830870363,0)	(10.12032854,0)
	(-0.2097971484,0)	(0.1711369524,0)	(-0.1050470824,0)	(-0.4041031969,0)	(-0.4125856719,0)
	(-0.2971997938,0)	(-0.1667796038,0)	(-0.4217656058,0)	(-0.1887894238,0)	(-0.4672996041,0)
	(-0.237904067,0)	(-0.110827423,0)	(-0.379300335,0)	(-0.2151344956,0)	(0.1793369786,0)
	(-0.0002825412332,0)	(-0.001627241525,0)	(0.1846884831,0)	(-4.04091285,0)	(-0.8304910327,0)
	(-2.226166238,0)	(0.5145296376,0)	(1.462125411,0)	(8.060431285,0)	(56.46387825,0)
	(-33.64556102,0)	(24.45290098,0)	(-14.42635371,0)	(11.98553959,0)	(-13.09240733,0)
	(-0.4495331758,0)	(6.463854858,0)	(-0.07614870195,0)	(0.07806876724,0)	(-0.1454471088,0)
	(0.07856413343,0)	(0.2106848325,0)	(-0.3056302229,0)	(-0.221450534,0)	(-0.1765664321,0)
	(0.0436576601,0)	(-0.454957741,0)	(0.3342754513,0)	(0.01784770226,0)	(0.01601869873,0)
	(-0.3747370477,0)	(-0.1228981826,0)	(0.1971619027,0)	(-0.129547501,0)	(-0.1575224926,0)
	(-0.2448026469,0)	(-0.09083125173,0)	(-0.2588406935,0)	(-2.449814544,0)	(3.733097595,0)
	(0.3117185639,0)	(-1.08019103,0)	(-42.46818076,0)	(55.5243666,0)	(-9.530012166,0)
	(-33.62939061,0)	(1.033841575,0)	(-1.422476615,0)	(30.46961852,0)	(-60.50666175,0)
	(9.283228331,0)	(-8.589365462,0)	(-0.2387784899,0)	(-0.3377675116,0)	(-0.5916650761,0)
	(0.1648206829,0)	(-0.369629135,0)	(0.1940877656,0)	(-0.2324038064,0)	(-0.6141177659,0)
	(0.3827286409,0)	(-0.2308115171,0)	(0.3801529509,0)	(-0.6337945447,0)	(0.07936332178,0)
	(-0.4267161194,0)	(-0.3914145671,0)	(-0.0220146866,0)	(0.1977101715,0)	(-0.1090333112,0)
	(-0.2541939366,0)	(-3.576226926,0)	(-0.4065294977,0)	(1.481066893,0)	(1.602717628,0)
	(-49.24500555,0)	(-25.92528156,0)	(-23.72788341,0)	(24.71625791,0)	(15.93510607,0)
	(-12.55351759,0)	(-9.087989066,0)	(-1.099466474,0)	(4.070572363,0)	(4.209221444,0)
	(0.07292616891,0)	(0.1250751611,0)	(-0.233173182,0)	(-0.14697182,0)	(0.2967874612,0)
	(0.3069999793,0)	(-0.6272350855,0)	(-0.5410334366,0)	(0.1687906084,0)	(-0.1227452129,0)
	(0.2146617498,0)	(-0.08723218003,0)	(-0.1087745611,0)	(-0.3782754501,0)	(-0.338118938,0)
	(-0.1293990727,0)	(-0.3734720775,0)	(-0.1395899629,0)	(-0.2780135918,0)	(-0.400068942,0)
	(-0.065982246,0)	(2.188853112,0)	(-3.217168091,0)	(0.418972909,0)	(-0.6244239292,0)
	(5.743907094,0)	(-2.067384346,0)	(-1.710471581,0)	(-40.94939087,0)	(48.26340918,0)
	(30.4170341,0)	(-58.73292539,0)	(7.986301555,0)	(7.950090291,0)	(-1.383215462,0)
	(-0.2856399785,0)	(-0.2933341959,0)	(-0.4076448334,0)	(-0.121666554,0)	(0.291213902,0)
	(0.190411886,0)	(0.3309727359,0)	(-0.8217696305,0)	(0.3365476074,0)	(-0.6611071093,0)
	(-0.7445125778,0)	(-0.3409682678,0)	(-0.1324969441,0)	(0.2348925312,0)	(-0.09282983298,0)
	(-0.3667694378,0)	(-0.2025163069,0)	(-4.025780715,0)	(-1.957421822,0)	(-1.446593947,0)
	(-21.75878033,0)	(30.44887275,0)	(15.29975351,0)	(-12.7525849,0)	(7.635627675,0)
	(-2.098045227,0)	(-0.1969002157,0)	(-3.051227407,0)	(4.697568695,0)	(0.07918710006,0)
	(-0.11594571,0)	(-0.2867191397,0)	(0.3384986531,0)	(-0.06234606873,0)	(-0.3578287315,0)
	(-0.4812338862,0)	(-0.02040348698,0)	(-0.02912403605,0)	(0.334899592,0)	(-0.2158926869,0)
	(-0.4033016609,0)	(-0.02124136153,0)	(-0.4468896363,0)	(0.2118180069,0)	(-0.4569431556,0)
	(-0.6202787296,0)	(2.179713326,0)	(0.8714693104,0)	(-0.3564587591,0)	(0.5069845876,0)
	(-0.9078705094,0)	(-1.025451587,0)	(-14.76828454,0)	(-16.73955124,0)	(29.51869537,0)
	(32.90856683,0)	(-53.83716061,0)	(-27.26501258,0)	(41.22950987,0)	(-6.454183026,0)
	(9.287630039,0)	(-2.447786974,0)	(-0.2471366334,0)	(-0.001941411671,0)	(0.2481784418,0)
	(-0.4621280653,0)	(-0.3107870901,0)	(-0.8725436915,0)	(0.2158339416,0)	(-0.5483828746,0)
	(-0.9868327657,0)	(-0.6937605419,0)	(-0.8484282186,0)	(-0.1151047096,0)	(-0.4221092403,0)
	(-0.405398387,0)	(-0.3194254116,0)	(-0.2246687026,0)	(-0.4335984702,0)	(-0.1829855811,0)
	(0.3387141435,0)	(-1.647031789,0)	(1.242998345,0)	(1.423824287,0)	(14.61919672,0)
	(-11.52688941,0)	(-26.9750898,0)	(-9.146345057,0)	(2.478291473,0)	(2.558715129,0)
	(-6.078876846,0)	(0.2494725331,0)	(0.5568962227,0)	(32.05506917,0)	(-50.5662333,0)
	(-0.2600412848,0)	(0.09171604477,0)	(-0.3639098275,0)	(0.3578137811,0)	(-0.3733070618,0)
	(-0.08438234514,0)	(-0.1661114235,0)	(-0.4071481448,0)	(0.196829471,0)	(0.1731071015,0)
	(-1.312793795,0)	(-0.7666072282,0)	(-0.4744563964,0)	(-0.05264649926,0)	(-1.015229386,0)
	(-0.4664871509,0)	(-0.1848570528,0)	(-0.8009806768,0)	(-0.6166961143,0)	(2.221829757,0)
	(3.390451353,0)	(-0.08335467301,0)	(0.4750168922,0)	(-0.5211920951,0)	(5.024915,0)
	(25.09203387,0)	(-18.2419739,0)	(40.60199611,0)	(-26.92136063,0)	(-7.175770032,0)
	(8.610208714,0)	(-4.188354365,0)	(-28.77140919,0)	(-45.76077258,0)	(-0.2052910568,0)
	(-0.3520296085,0)	(0.1127094379,0)	(-0.4831257818,0)	(-0.6412308333,0)	(-0.5416699982,0)
	(-0.3977885929,0)	(-0.06659916098,0)	(-0.5047541803,0)	(-1.57106304,0)	(-0.3922674082,0)
	(-0.293225013,0)	(-0.6160538683,0)	(-0.8874360387,0)	(-0.0721083882,0)	(-0.36862861,0)
	(-0.444762531,0)	(-0.3254927395,0)	(-0.2791255209,0)	(-0.3814257994,0)	(-0.1636926015,0)
	(-0.2633486984,0)	(1.23281443,0)	(1.581059998,0)	(-10.1083012,0)	(14.62652592,0)
	(3.37670465,0)	(4.952780018,0)	(0.7470433423,0)	(0.592711628,0)	(6.043197932,0)
	(20.73041755,0)	(-0.2980573112,0)	(0.446690551,0)	(-0.3244004856,0)	(-0.5248185518,0)
	(-0.554185387,0)	(-0.5820826463,0)	(-1.081964559,0)	(-0.4724851633,0)	(-1.341863811,0)
	(-0.5199337561,0)	(-0.6626748023,0)	(-0.6171779303,0)	(-0.7550588715,0)	(-0.8243601704,0)
	(-0.9160180316,0)	(-0.7682760241,0)	(1.993337643,0)	(2.933340659,0)	(0.6023648756,0)
	(0.04321338571,0)	(-16.39131859,0)	(-5.961805495,0)	(50.88099855,0)	(-24.05502161,0)
	(-14.89488639,0)	(23.16030087,0)	(3.167721744,0)	(-2.481608148,0)	(4.503890912,0)
	(-52.42469468,0)	(41.25072181,0)	(-0.3630104876,0)	(0.05114021529,0)	(0.3235856533,0)
	(-0.6124553379,0)	(-0.3990464554,0)	(0.08831204842,0)	(-0.3920374618,0)	(-0.3956979594,0)
	(-1.382422927,0)	(-1.15408651,0)	(-0.5597353298,0)	(-0.6895537338,0)	(-0.9340639941,0)
	(-1.121167661,0)	(-0.3934548182,0)	(-0.5962821636,0)	(-0.9885104858,0)	(-0.5474559571,0)
	(-0.3653639684,0)	(-1.008753941,0)	(-1.036186049,0)	(2.121721225,0)	(6.876298256,0)
	(5.011143946,0)	(3.120860395,0)	(0.9658455327,0)	(8.853940389,0)	(4.970252701,0)
	(-21.95539026,0)	(22.16775541,0)	(46.85566685,0)	(-0.02143914387,0)	(-0.3829015754,0)
	(-0.3875412258,0)	(-0.1160144308,0)	(-0.5857025407,0)	(-0.2246105516,0)	(-0.3668587426,0)
	(0.03690674933,0)	(-0.2433713885,0)	(-0.475259481,0)	(-1.42356293,0)	(-2.036479681,0)
	(-1.486212815,0)	(-0.3890059527,0)	(-1.886886824,0)	(-0.3346431191,0)	(-1.680673809,0)
	(-0.9523223162,0)	(-1.627782983,0)	(-0.9019040571,0)	(0.7287238764,0)	(1.890854167,0)
	(-0.3923243915,0)	(-8.75780971,0)	(13.21152426,0)	(23.14093859,0)	(-12.30898432,0)
	(-2.728538849,0)	(0.9427094106,0)	(4.792260659,0)	(-7.611675722,0)	(-42.66819647,0)
	(-13.24394417,0)	(-0.2939716733,0)	(-0.1211072517,0)	(-0.5024461867,0)	(-0.633212296,0)
	(-0.331784983,0)	(-1.447837861,0)	(-0.07590441365,0)	(-0.7348491361,0)	(-1.375182407,0)
	(-0.7734923706,0)	(-0.9296276373,0)	(-2.563345535,0)	(-0.8888735987,0)	(-1.968077145,0)
	(-0.8523713984,0)	(-0.6684894081,0)	(0.5753589103,0)	(-0.7008247879,0)	(-1.813548539,0)
	(0.7881229008,0)	(-1.988363247,0)	(3.085327148,0)	(4.993967331,0)	(-0.9740515581,0)
	(4.406135844,0)	(7.579836647,0)	(-11.32672938,0)	(12.16375312,0)	(23.89280401,0)
	(30.63372041,0)	(-35.75848727,0)	(-0.4338444282,0)	(-0.2529930951,0)	(-0.07481475091,0)
	(-0.2286712428,0)	(0.6018430677,0)	(-0.4991361744,0)	(0.5077275908,0)	(0.1085133817,0)
	(-0.4263148053,0)	(0.03158554705,0)	(-0.593315566,0)	(-1.123955398,0)	(-0.2270436791,0)
	(-1.489020889,0)	(-0.04930175714,0)	(-0.2473770265,0)	(0.0310743527,0)	(-1.633586495,0)
	(-2.414788627,0)	(-2.08774946,0)	(-1.711797056,0)	(-1.672937411,0)	(-1.67167105,0)
	(-1.654711343,0)	(-1.273436705,0)	(-1.56425064,0)	(-1.405527185,0)	(-1.518796032,0)
	(-0.8724297272,0)	(0.5943631683,0)	(1.346809191,0)	(3.06739612,0)	(-1.357327581,0)
	(-6.494303598,0)	(12.62329561,0)	(4.934406599,0)	(1.905186385,0)	(5.649301018,0)
	(-20.22609566,0)	(17.37282633,0)	(39.22070097,0)	(-0.05757678748,0)	(-0.3284786854,0)
	(-0.6414994763,0)	(-0.4999470253,0)	(-0.6156411858,0)	(0.6124499683,0)	(0.3126242848,0)
	(-0.2782160855,0)	(-0.3703518567,0)	(0.6840052797,0)	(-0.8861410198,0)	(-1.364993738,0)
	(-1.887927975,0)	(0.3314729679,0)	(-1.366045706,0)	(-0.1121054573,0)	(-0.4680097029,0)
	(-0.1912138911,0)	(0.1423606285,0)	(-2.992613366,0)	(-2.011451758,0)	(-2.185737246,0)
	(-1.736188664,0)	(-1.520289461,0)	(0.9268653749,0)	(1.667065916,0)	(-2.279186008,0)
	(-2.589123147,0)	(1.403612132,0)	(-1.950195754,0)	(-12.89308395,0)	(-3.756459373,0)
	(-9.514599616,0)	(21.74190315,0)	(12.06563824,0)	(-31.40671731,0)	(28.55955821,0)
	(-0.5580715774,0)	(0.0501921409,0)	(-0.6195663701,0)	(-0.06142022184,0)	(-0.772204705,0)
	(-1.373090209,0)	(-1.003500876,0)	(-1.273468121,0)	(-1.213047784,0)	(-0.2129403496,0)
	(-1.656721747,0)	(0.489843262,0)	(0.107770295,0)	(-0.5959606303,0)	(-3.808486249,0)
	(-3.09327143,0)	(-1.799077576,0)	(1.091730647,0)	(-1.833170462,0)	(-2.449504318,0)
	(0.9260726674,0)	(-0.9637906558,0)	(2.096547384,0)	(4.315974265,0)	(-1.667279908,0)
	(3.694827993,0)	(7.363823769,0)	(-1.435858726,0)	(-20.18200714,0)	(-2.741071284,0)
	(-6.338401988,0)	(-29.89187044,0)	(-1.025311147,0)	(-0.5804915792,0)	(-0.1750573367,0)
	(-0.8164460223,0)	(-0.2989821384,0)	(0.9579602041,0)	(-0.7297722777,0)	(-0.8280406175,0)
	(-0.5747675016,0)	(0.3113920661,0)	(-0.9439786801,0)	(-1.796393191,0)	(0.4640152074,0)
	(0.2930416991,0)	(-2.7994425,0)	(-5.739308835,0)	(-2.653193675,0)	(-2.289527579,0)
	(-2.945271159,0)	(-1.948799257,0)	(-2.258921575,0)	(1.46046524,0)	(-0.417141036,0)
	(-3.802020726,0)	(-5.519642951,0)	(11.35677821,0)	(6.823150129,0)	(-14.53341891,0)
	(-36.03008508,0)	(21.89212598,0)	(-0.8146597553,0)	(-0.1581764585,0)	(0.05839216405,0)
	(-1.073097771,0)	(-1.229843019,0)	(-2.009526098,0)	(-1.459212056,0)	(-1.917298221,0)
	(-2.330048667,0)	(1.20624587,0)	(-1.327953698,0)	(0.159371594,0)	(-3.279580057,0)
	(-3.669126458,0)	(-0.03383303873,0)	(-2.607585066,0)	(-0.1525574764,0)	(-3.478971381,0)
	(-4.56463204,0)	(-2.556869384,0)	(-1.307367965,0)	(1.435274044,0)	(-2.500336687,0)
	(-6.039544044,0)	(3.754815442,0)	(-7.81762923,0)	(-18.29671823,0)	(11.11170786,0)
	(-25.90668525,0)	(-25.60761827,0)	(-1.44585609,0)	(-1.063764368,0)	(-0.2653865587,0)
	(-0.4413646704,0)	(-1.1456691,0)	(1.387433621,0)	(-1.111133558,0)	(-1.373607999,0)
	(-0.7132547274,0)	(0.9139149198,0)	(-3.091395946,0)	(0.1395589674,0)	(-0.4659942201,0)
	(-1.825297585,0)	(-3.55384181,0)	(-3.73755139,0)	(-5.128244028,0)	(-4.486378624,0)
	(-4.35485213,0)	(-3.465842791,0)	(2.227075332,0)	(-3.918172756,0)	(6.504209103,0)
	(-9.904782094,0)	(-12.44977226,0)	(-20.95985566,0)	(-31.96135,0)	(0.324940168,0)
	(-1.392578911,0)	(-1.999617158,0)	(-3.04299401,0)	(-2.585175553,0)	(-2.672250257,0)
	(-2.839139768,0)	(-0.7463027815,0)	(-1.797707145,0)	(-4.882966052,0)	(-8.466894428,0)
	(-5.925545828,0)	(-5.93677052,0)	(-1.879059747,0)	(2.203357283,0)	(0.4549477695,0)
	(-6.07645533,0)	(0.3091778447,0)	(-29.45044255,0)	(-0.5559880267,0)	(-1.266802771,0)
	(-1.736409098,0)	(-0.2398628957,0)	(-0.725147753,0)	(-2.102748246,0)	(-1.432294218,0)
	(-2.28768409,0)	(0.3304127731,0)	(-2.953960274,0)	(-5.082517593,0)	(-1.496303584,0)
	(-2.440561391,0)	(-1.961781946,0)	(10.19580056,0)	(-1.208952516,0)	(5.871126164,0)
	(-9.819175862,0)	(-4.274240677,0)	(-4.953453157,0)	(-3.548344404,0)	(-8.613340597,0)
	(-6.421260268,0)	(-15.85487842,0)	(-11.07555638,0)	(-22.3756143,0)	(-18.76799568,0)
	(-0.7426656685,0)	(-2.781345795,0)	(-3.406097675,0)	(-4.372027527,0)	(-3.31044454,0)
	(-6.552886176,0)	(-2.108582817,0)	(-0.4746176214,0)	(-7.020610453,0)	(-6.034350539,0)
	(11.38289879,0)	(-3.67074037,0)	(-3.362666678,0)	(-2.52535666,0)	(-4.975463939,0)
	(-8.79408598,0)	(-26.13949382,0)	(-20.24325865,0)	(-3.241657581,0)	(-0.7692631684,0)
	(-2.996195089,0)	(-1.91722605,0)	(-1.106469986,0)	(-1.746217795,0)	(-6.232943302,0)
	(-11.83890251,0)	(-2.908410962,0)	(-8.563378251,0)	(-7.202099228,0)	(-1.90302704,0)
	(-6.015434511,0)	(-7.740284391,0)	(-14.00162551,0)	(-10.18877037,0)	(-15.31673293,0)
	(-20.11688607,0)	(-5.167979314,0)	(-5.697473835,0)	(-6.832539583,0)	(-7.461194329,0)
	(-13.02138057,0)	(-1.977697105,0)	(-2.764673404,0)	(-9.889078251,0)	(2.516516539,0)
	(-7.59801087,0)	(-5.872677364,0)	(-4.068458835,0)	(-6.67777934,0)	(4.848385466,0)
	(-15.88074798,0)	(-2.508850113,0)	(-5.205516892,0)	(-5.295811928,0)	(-3.268500536,0)
	(-13.61746279,0)	(-4.28531303,0)	(-6.701497926,0)	(-11.89986472,0)	(-9.560199713,0)
	(-20.1952493,0)	(-16.99326303,0)	(-8.641263381,0)	(-10.42412055,0)	(-5.015504286,0)
	(-2.242435125,0)	(-11.45749387,0)	(-4.903138406,0)	(-8.396198386,0)	(-13.32266357,0)
	(8.383564854,0)	(-7.908799226,0)	(-3.482804239,0)	(-12.01842684,0)	(-8.900253166,0)
	(-16.99901239,0)	(-15.18311208,0)	(-13.8049027,0)	(3.504349375,0)	(5.836275996,0)
	(-13.80720185,0)	(-10.75186038,0)	
